Tarih,Dağıtılan Enerji (MWh)
2022-08-01 00:00:00,2203.573
2022-08-01 01:00:00,2070.5186
2022-08-01 02:00:00,1944.6104
2022-08-01 03:00:00,1880.4321
2022-08-01 04:00:00,1841.8335
2022-08-01 05:00:00,1819.2837
2022-08-01 06:00:00,1790.9777
2022-08-01 07:00:00,1911.9324
2022-08-01 08:00:00,2285.304
2022-08-01 09:00:00,2593.029
2022-08-01 10:00:00,2753.3713
2022-08-01 11:00:00,2908.513
2022-08-01 12:00:00,2911.5059
2022-08-01 13:00:00,3035.0293
2022-08-01 14:00:00,3138.2537
2022-08-01 15:00:00,3135.729
2022-08-01 16:00:00,3128.7651
2022-08-01 17:00:00,3051.7468
2022-08-01 18:00:00,2916.1716
2022-08-01 19:00:00,2835.6067
2022-08-01 20:00:00,2827.9854
2022-08-01 21:00:00,2813.5293
2022-08-01 22:00:00,2691.9417
2022-08-01 23:00:00,2549.893
2022-08-02 00:00:00,2329.8145
2022-08-02 01:00:00,2177.1077
2022-08-02 02:00:00,2057.1147
2022-08-02 03:00:00,1990.66
2022-08-02 04:00:00,1948.0417
2022-08-02 05:00:00,1926.1066
2022-08-02 06:00:00,1891.3323
2022-08-02 07:00:00,2002.9366
2022-08-02 08:00:00,2366.4148
2022-08-02 09:00:00,2665.2937
2022-08-02 10:00:00,2810.9097
2022-08-02 11:00:00,2963.678
2022-08-02 12:00:00,2963.4873
2022-08-02 13:00:00,3085.9492
2022-08-02 14:00:00,3190.364
2022-08-02 15:00:00,3189.7742
2022-08-02 16:00:00,3180.2073
2022-08-02 17:00:00,3103.915
2022-08-02 18:00:00,2966.3914
2022-08-02 19:00:00,2880.872
2022-08-02 20:00:00,2870.7515
2022-08-02 21:00:00,2848.3662
2022-08-02 22:00:00,2729.4717
2022-08-02 23:00:00,2589.1345
2022-08-03 00:00:00,2463.0972
2022-08-03 01:00:00,2309.7249
2022-08-03 02:00:00,2189.4988
2022-08-03 03:00:00,2123.1536
2022-08-03 04:00:00,2078.1846
2022-08-03 05:00:00,2056.478
2022-08-03 06:00:00,2017.8145
2022-08-03 07:00:00,2125.7717
2022-08-03 08:00:00,2492.0457
2022-08-03 09:00:00,2793.507
2022-08-03 10:00:00,2941.5288
2022-08-03 11:00:00,3082.5693
2022-08-03 12:00:00,3074.1848
2022-08-03 13:00:00,3197.4695
2022-08-03 14:00:00,3301.1624
2022-08-03 15:00:00,3301.079
2022-08-03 16:00:00,3288.5217
2022-08-03 17:00:00,3213.1096
2022-08-03 18:00:00,3078.1008
2022-08-03 19:00:00,2992.0574
2022-08-03 20:00:00,2984.4272
2022-08-03 21:00:00,2965.7898
2022-08-03 22:00:00,2848.84
2022-08-03 23:00:00,2707.979
2022-08-04 00:00:00,2540.812
2022-08-04 01:00:00,2384.7698
2022-08-04 02:00:00,2260.972
2022-08-04 03:00:00,2191.728
2022-08-04 04:00:00,2143.0452
2022-08-04 05:00:00,2121.0037
2022-08-04 06:00:00,2081.1316
2022-08-04 07:00:00,2187.1958
2022-08-04 08:00:00,2553.4927
2022-08-04 09:00:00,2858.3499
2022-08-04 10:00:00,3008.434
2022-08-04 11:00:00,3146.5996
2022-08-04 12:00:00,3140.3552
2022-08-04 13:00:00,3257.742
2022-08-04 14:00:00,3359.1047
2022-08-04 15:00:00,3357.0771
2022-08-04 16:00:00,3344.1108
2022-08-04 17:00:00,3268.46
2022-08-04 18:00:00,3133.1458
2022-08-04 19:00:00,3044.44
2022-08-04 20:00:00,3036.1138
2022-08-04 21:00:00,3013.2515
2022-08-04 22:00:00,2897.5725
2022-08-04 23:00:00,2753.8123
2022-08-05 00:00:00,2481.351
2022-08-05 01:00:00,2323.2527
2022-08-05 02:00:00,2193.6838
2022-08-05 03:00:00,2124.8945
2022-08-05 04:00:00,2074.2427
2022-08-05 05:00:00,2053.8032
2022-08-05 06:00:00,2013.4335
2022-08-05 07:00:00,2113.7651
2022-08-05 08:00:00,2474.8464
2022-08-05 09:00:00,2773.163
2022-08-05 10:00:00,2921.6294
2022-08-05 11:00:00,3047.511
2022-08-05 12:00:00,3040.5369
2022-08-05 13:00:00,3114.377
2022-08-05 14:00:00,3216.1855
2022-08-05 15:00:00,3208.2124
2022-08-05 16:00:00,3193.2727
2022-08-05 17:00:00,3127.4622
2022-08-05 18:00:00,2995.1763
2022-08-05 19:00:00,2904.6423
2022-08-05 20:00:00,2895.5977
2022-08-05 21:00:00,2851.026
2022-08-05 22:00:00,2731.4243
2022-08-05 23:00:00,2592.8408
2022-08-06 00:00:00,2342.2937
2022-08-06 01:00:00,2200.1858
2022-08-06 02:00:00,2072.0847
2022-08-06 03:00:00,1997.2004
2022-08-06 04:00:00,1938.5479
2022-08-06 05:00:00,1912.9612
2022-08-06 06:00:00,1856.9816
2022-08-06 07:00:00,1917.7345
2022-08-06 08:00:00,2169.598
2022-08-06 09:00:00,2416.5222
2022-08-06 10:00:00,2567.961
2022-08-06 11:00:00,2698.8687
2022-08-06 12:00:00,2696.3518
2022-08-06 13:00:00,2763.2131
2022-08-06 14:00:00,2807.649
2022-08-06 15:00:00,2792.7808
2022-08-06 16:00:00,2776.1577
2022-08-06 17:00:00,2750.4736
2022-08-06 18:00:00,2686.5508
2022-08-06 19:00:00,2640.8909
2022-08-06 20:00:00,2634.637
2022-08-06 21:00:00,2596.2642
2022-08-06 22:00:00,2468.5325
2022-08-06 23:00:00,2337.2898
2022-08-07 00:00:00,2065.0837
2022-08-07 01:00:00,1933.2302
2022-08-07 02:00:00,1808.9691
2022-08-07 03:00:00,1733.9398
2022-08-07 04:00:00,1677.8981
2022-08-07 05:00:00,1653.7924
2022-08-07 06:00:00,1592.5021
2022-08-07 07:00:00,1604.9833
2022-08-07 08:00:00,1745.1558
2022-08-07 09:00:00,1891.103
2022-08-07 10:00:00,2023.3671
2022-08-07 11:00:00,2185.1677
2022-08-07 12:00:00,2235.256
2022-08-07 13:00:00,2322.2515
2022-08-07 14:00:00,2364.8027
2022-08-07 15:00:00,2371.9998
2022-08-07 16:00:00,2371.446
2022-08-07 17:00:00,2374.9543
2022-08-07 18:00:00,2360.2744
2022-08-07 19:00:00,2347.7852
2022-08-07 20:00:00,2363.4978
2022-08-07 21:00:00,2336.2397
2022-08-07 22:00:00,2232.6165
2022-08-07 23:00:00,2103.3152
2022-08-08 00:00:00,2031.6367
2022-08-08 01:00:00,1902.9672
2022-08-08 02:00:00,1781.9923
2022-08-08 03:00:00,1722.0875
2022-08-08 04:00:00,1689.0493
2022-08-08 05:00:00,1677.6915
2022-08-08 06:00:00,1655.631
2022-08-08 07:00:00,1770.178
2022-08-08 08:00:00,2149.2346
2022-08-08 09:00:00,2453.807
2022-08-08 10:00:00,2606.4504
2022-08-08 11:00:00,2738.897
2022-08-08 12:00:00,2723.397
2022-08-08 13:00:00,2837.402
2022-08-08 14:00:00,2936.2783
2022-08-08 15:00:00,2934.0168
2022-08-08 16:00:00,2924.7673
2022-08-08 17:00:00,2850.4612
2022-08-08 18:00:00,2720.3164
2022-08-08 19:00:00,2642.272
2022-08-08 20:00:00,2635.623
2022-08-08 21:00:00,2585.3992
2022-08-08 22:00:00,2457.8262
2022-08-08 23:00:00,2311.0203
2022-08-09 00:00:00,2156.0713
2022-08-09 01:00:00,2012.0695
2022-08-09 02:00:00,1891.5448
2022-08-09 03:00:00,1826.8375
2022-08-09 04:00:00,1787.5728
2022-08-09 05:00:00,1776.9567
2022-08-09 06:00:00,1747.9226
2022-08-09 07:00:00,1849.0262
2022-08-09 08:00:00,2207.6477
2022-08-09 09:00:00,2501.096
2022-08-09 10:00:00,2643.898
2022-08-09 11:00:00,2768.9785
2022-08-09 12:00:00,2750.1272
2022-08-09 13:00:00,2865.3484
2022-08-09 14:00:00,2965.1763
2022-08-09 15:00:00,2964.4802
2022-08-09 16:00:00,2954.4912
2022-08-09 17:00:00,2881.0928
2022-08-09 18:00:00,2751.5732
2022-08-09 19:00:00,2673.8464
2022-08-09 20:00:00,2667.1006
2022-08-09 21:00:00,2616.915
2022-08-09 22:00:00,2489.3354
2022-08-09 23:00:00,2343.403
2022-08-10 00:00:00,2189.8018
2022-08-10 01:00:00,2045.7556
2022-08-10 02:00:00,1926.0536
2022-08-10 03:00:00,1861.358
2022-08-10 04:00:00,1823.5087
2022-08-10 05:00:00,1812.6074
2022-08-10 06:00:00,1782.7507
2022-08-10 07:00:00,1884.7686
2022-08-10 08:00:00,2246.1768
2022-08-10 09:00:00,2535.4631
2022-08-10 10:00:00,2679.21
2022-08-10 11:00:00,2802.0825
2022-08-10 12:00:00,2782.2778
2022-08-10 13:00:00,2896.9065
2022-08-10 14:00:00,2995.9438
2022-08-10 15:00:00,2996.3923
2022-08-10 16:00:00,2985.6558
2022-08-10 17:00:00,2914.2378
2022-08-10 18:00:00,2787.5093
2022-08-10 19:00:00,2709.3267
2022-08-10 20:00:00,2703.9204
2022-08-10 21:00:00,2655.8455
2022-08-10 22:00:00,2531.2134
2022-08-10 23:00:00,2385.4583
2022-08-11 00:00:00,2198.845
2022-08-11 01:00:00,2051.396
2022-08-11 02:00:00,1929.4532
2022-08-11 03:00:00,1862.6328
2022-08-11 04:00:00,1820.9493
2022-08-11 05:00:00,1808.7329
2022-08-11 06:00:00,1779.2245
2022-08-11 07:00:00,1876.5474
2022-08-11 08:00:00,2233.0854
2022-08-11 09:00:00,2517.4744
2022-08-11 10:00:00,2663.8198
2022-08-11 11:00:00,2783.029
2022-08-11 12:00:00,2763.1162
2022-08-11 13:00:00,2872.7312
2022-08-11 14:00:00,2969.2688
2022-08-11 15:00:00,2969.099
2022-08-11 16:00:00,2961.5715
2022-08-11 17:00:00,2891.3506
2022-08-11 18:00:00,2768.2021
2022-08-11 19:00:00,2690.0894
2022-08-11 20:00:00,2686.7812
2022-08-11 21:00:00,2638.4155
2022-08-11 22:00:00,2515.125
2022-08-11 23:00:00,2372.9907
2022-08-12 00:00:00,2183.8398
2022-08-12 01:00:00,2035.447
2022-08-12 02:00:00,1906.8319
2022-08-12 03:00:00,1840.2241
2022-08-12 04:00:00,1795.7911
2022-08-12 05:00:00,1784.1024
2022-08-12 06:00:00,1752.586
2022-08-12 07:00:00,1845.3745
2022-08-12 08:00:00,2198.2888
2022-08-12 09:00:00,2483.6082
2022-08-12 10:00:00,2627.8157
2022-08-12 11:00:00,2736.465
2022-08-12 12:00:00,2722.93
2022-08-12 13:00:00,2792.549
2022-08-12 14:00:00,2887.8784
2022-08-12 15:00:00,2882.2725
2022-08-12 16:00:00,2868.3591
2022-08-12 17:00:00,2808.8584
2022-08-12 18:00:00,2686.594
2022-08-12 19:00:00,2606.3425
2022-08-12 20:00:00,2600.1782
2022-08-12 21:00:00,2527.1228
2022-08-12 22:00:00,2401.7817
2022-08-12 23:00:00,2269.5828
2022-08-13 00:00:00,2020.8812
2022-08-13 01:00:00,1884.9713
2022-08-13 02:00:00,1760.5608
2022-08-13 03:00:00,1689.2692
2022-08-13 04:00:00,1637.8757
2022-08-13 05:00:00,1620.0416
2022-08-13 06:00:00,1572.8942
2022-08-13 07:00:00,1622.4858
2022-08-13 08:00:00,1867.2859
2022-08-13 09:00:00,2111.6182
2022-08-13 10:00:00,2261.6028
2022-08-13 11:00:00,2382.9722
2022-08-13 12:00:00,2377.0247
2022-08-13 13:00:00,2442.6807
2022-08-13 14:00:00,2483.6248
2022-08-13 15:00:00,2473.692
2022-08-13 16:00:00,2459.3672
2022-08-13 17:00:00,2436.653
2022-08-13 18:00:00,2377.8484
2022-08-13 19:00:00,2342.9973
2022-08-13 20:00:00,2337.705
2022-08-13 21:00:00,2286.231
2022-08-13 22:00:00,2152.368
2022-08-13 23:00:00,2021.222
2022-08-14 00:00:00,1858.4451
2022-08-14 01:00:00,1739.8075
2022-08-14 02:00:00,1632.7496
2022-08-14 03:00:00,1562.4882
2022-08-14 04:00:00,1512.3966
2022-08-14 05:00:00,1491.1207
2022-08-14 06:00:00,1434.5554
2022-08-14 07:00:00,1434.7037
2022-08-14 08:00:00,1563.5463
2022-08-14 09:00:00,1709.6971
2022-08-14 10:00:00,1838.8533
2022-08-14 11:00:00,1999.2931
2022-08-14 12:00:00,2048.2322
2022-08-14 13:00:00,2134.623
2022-08-14 14:00:00,2175.8242
2022-08-14 15:00:00,2186.5269
2022-08-14 16:00:00,2188.0051
2022-08-14 17:00:00,2193.309
2022-08-14 18:00:00,2188.1729
2022-08-14 19:00:00,2188.035
2022-08-14 20:00:00,2209.0933
2022-08-14 21:00:00,2165.4114
2022-08-14 22:00:00,2056.0627
2022-08-14 23:00:00,1933.6061
2022-08-15 00:00:00,1863.8923
2022-08-15 01:00:00,1738.4474
2022-08-15 02:00:00,1630.4557
2022-08-15 03:00:00,1572.3262
2022-08-15 04:00:00,1543.6786
2022-08-15 05:00:00,1533.4418
2022-08-15 06:00:00,1516.0099
2022-08-15 07:00:00,1619.7161
2022-08-15 08:00:00,1987.3057
2022-08-15 09:00:00,2280.3418
2022-08-15 10:00:00,2429.8232
2022-08-15 11:00:00,2559.113
2022-08-15 12:00:00,2542.7231
2022-08-15 13:00:00,2653.4417
2022-08-15 14:00:00,2742.885
2022-08-15 15:00:00,2743.0852
2022-08-15 16:00:00,2733.375
2022-08-15 17:00:00,2665.6663
2022-08-15 18:00:00,2547.9885
2022-08-15 19:00:00,2483.099
2022-08-15 20:00:00,2487.2068
2022-08-15 21:00:00,2414.8862
2022-08-15 22:00:00,2274.806
2022-08-15 23:00:00,2131.7007
2022-08-16 00:00:00,1988.1931
2022-08-16 01:00:00,1849.6227
2022-08-16 02:00:00,1742.7777
2022-08-16 03:00:00,1680.6309
2022-08-16 04:00:00,1644.23
2022-08-16 05:00:00,1633.9253
2022-08-16 06:00:00,1610.0269
2022-08-16 07:00:00,1705.3949
2022-08-16 08:00:00,2051.6208
2022-08-16 09:00:00,2340.0874
2022-08-16 10:00:00,2479.2854
2022-08-16 11:00:00,2596.5923
2022-08-16 12:00:00,2576.524
2022-08-16 13:00:00,2685.8303
2022-08-16 14:00:00,2775.4392
2022-08-16 15:00:00,2775.0945
2022-08-16 16:00:00,2763.663
2022-08-16 17:00:00,2691.8555
2022-08-16 18:00:00,2571.6123
2022-08-16 19:00:00,2506.3867
2022-08-16 20:00:00,2510.2056
2022-08-16 21:00:00,2433.5063
2022-08-16 22:00:00,2295.6313
2022-08-16 23:00:00,2152.956
2022-08-17 00:00:00,1986.7203
2022-08-17 01:00:00,1846.0217
2022-08-17 02:00:00,1739.1047
2022-08-17 03:00:00,1676.9199
2022-08-17 04:00:00,1640.8348
2022-08-17 05:00:00,1629.9967
2022-08-17 06:00:00,1604.9435
2022-08-17 07:00:00,1701.5122
2022-08-17 08:00:00,2049.4001
2022-08-17 09:00:00,2338.0532
2022-08-17 10:00:00,2479.0344
2022-08-17 11:00:00,2593.1265
2022-08-17 12:00:00,2572.6804
2022-08-17 13:00:00,2680.5603
2022-08-17 14:00:00,2770.8052
2022-08-17 15:00:00,2771.3376
2022-08-17 16:00:00,2758.6162
2022-08-17 17:00:00,2685.2192
2022-08-17 18:00:00,2563.6108
2022-08-17 19:00:00,2497.1895
2022-08-17 20:00:00,2501.5405
2022-08-17 21:00:00,2426.8125
2022-08-17 22:00:00,2289.0476
2022-08-17 23:00:00,2145.8562
2022-08-18 00:00:00,2019.1631
2022-08-18 01:00:00,1876.4911
2022-08-18 02:00:00,1769.639
2022-08-18 03:00:00,1707.4071
2022-08-18 04:00:00,1669.1039
2022-08-18 05:00:00,1657.3251
2022-08-18 06:00:00,1633.4438
2022-08-18 07:00:00,1727.777
2022-08-18 08:00:00,2075.7598
2022-08-18 09:00:00,2367.7148
2022-08-18 10:00:00,2513.814
2022-08-18 11:00:00,2631.0234
2022-08-18 12:00:00,2612.6865
2022-08-18 13:00:00,2716.5122
2022-08-18 14:00:00,2807.2122
2022-08-18 15:00:00,2807.874
2022-08-18 16:00:00,2797.4324
2022-08-18 17:00:00,2724.0603
2022-08-18 18:00:00,2599.1172
2022-08-18 19:00:00,2529.7822
2022-08-18 20:00:00,2532.8965
2022-08-18 21:00:00,2458.86
2022-08-18 22:00:00,2320.228
2022-08-18 23:00:00,2179.1123
2022-08-19 00:00:00,2006.4104
2022-08-19 01:00:00,1865.5786
2022-08-19 02:00:00,1756.1118
2022-08-19 03:00:00,1694.4899
2022-08-19 04:00:00,1654.9022
2022-08-19 05:00:00,1643.9915
2022-08-19 06:00:00,1618.6312
2022-08-19 07:00:00,1708.2097
2022-08-19 08:00:00,2057.124
2022-08-19 09:00:00,2350.2913
2022-08-19 10:00:00,2497.0571
2022-08-19 11:00:00,2606.6882
2022-08-19 12:00:00,2595.108
2022-08-19 13:00:00,2661.9658
2022-08-19 14:00:00,2753.2173
2022-08-19 15:00:00,2752.728
2022-08-19 16:00:00,2737.0293
2022-08-19 17:00:00,2674.9736
2022-08-19 18:00:00,2553.082
2022-08-19 19:00:00,2483.7268
2022-08-19 20:00:00,2483.5403
2022-08-19 21:00:00,2391.7769
2022-08-19 22:00:00,2251.2603
2022-08-19 23:00:00,2119.762
2022-08-20 00:00:00,1974.7349
2022-08-20 01:00:00,1845.8134
2022-08-20 02:00:00,1740.9442
2022-08-20 03:00:00,1676.1211
2022-08-20 04:00:00,1627.9286
2022-08-20 05:00:00,1611.1124
2022-08-20 06:00:00,1570.4421
2022-08-20 07:00:00,1619.7528
2022-08-20 08:00:00,1860.6926
2022-08-20 09:00:00,2119.3713
2022-08-20 10:00:00,2273.1516
2022-08-20 11:00:00,2392.6755
2022-08-20 12:00:00,2390.0283
2022-08-20 13:00:00,2453.638
2022-08-20 14:00:00,2500.552
2022-08-20 15:00:00,2492.6453
2022-08-20 16:00:00,2477.7434
2022-08-20 17:00:00,2453.5142
2022-08-20 18:00:00,2396.06
2022-08-20 19:00:00,2373.8728
2022-08-20 20:00:00,2375.7156
2022-08-20 21:00:00,2312.0767
2022-08-20 22:00:00,2174.2122
2022-08-20 23:00:00,2045.3568
2022-08-21 00:00:00,1928.1256
2022-08-21 01:00:00,1807.6901
2022-08-21 02:00:00,1694.4869
2022-08-21 03:00:00,1622.36
2022-08-21 04:00:00,1571.2783
2022-08-21 05:00:00,1549.9174
2022-08-21 06:00:00,1493.8142
2022-08-21 07:00:00,1497.729
2022-08-21 08:00:00,1628.3499
2022-08-21 09:00:00,1784.9645
2022-08-21 10:00:00,1919.5511
2022-08-21 11:00:00,2077.8914
2022-08-21 12:00:00,2135.1123
2022-08-21 13:00:00,2220.6628
2022-08-21 14:00:00,2264.1155
2022-08-21 15:00:00,2275.5364
2022-08-21 16:00:00,2280.3232
2022-08-21 17:00:00,2285.3323
2022-08-21 18:00:00,2276.4265
2022-08-21 19:00:00,2282.8843
2022-08-21 20:00:00,2304.8398
2022-08-21 21:00:00,2257.2268
2022-08-21 22:00:00,2150.4214
2022-08-21 23:00:00,2025.487
2022-08-22 00:00:00,1965.0087
2022-08-22 01:00:00,1836.7435
2022-08-22 02:00:00,1724.5137
2022-08-22 03:00:00,1664.4768
2022-08-22 04:00:00,1634.755
2022-08-22 05:00:00,1626.4211
2022-08-22 06:00:00,1611.3145
2022-08-22 07:00:00,1721.2274
2022-08-22 08:00:00,2100.6082
2022-08-22 09:00:00,2405.7522
2022-08-22 10:00:00,2562.5168
2022-08-22 11:00:00,2691.8804
2022-08-22 12:00:00,2681.5874
2022-08-22 13:00:00,2794.3684
2022-08-22 14:00:00,2889.2412
2022-08-22 15:00:00,2889.1233
2022-08-22 16:00:00,2878.32
2022-08-22 17:00:00,2806.7478
2022-08-22 18:00:00,2677.2688
2022-08-22 19:00:00,2610.5234
2022-08-22 20:00:00,2607.2314
2022-08-22 21:00:00,2528.3096
2022-08-22 22:00:00,2391.2996
2022-08-22 23:00:00,2243.3943
2022-08-23 00:00:00,2073.6245
2022-08-23 01:00:00,1929.8894
2022-08-23 02:00:00,1817.3795
2022-08-23 03:00:00,1752.729
2022-08-23 04:00:00,1714.5284
2022-08-23 05:00:00,1704.9812
2022-08-23 06:00:00,1680.4714
2022-08-23 07:00:00,1779.3323
2022-08-23 08:00:00,2132.308
2022-08-23 09:00:00,2426.357
2022-08-23 10:00:00,2575.487
2022-08-23 11:00:00,2698.2957
2022-08-23 12:00:00,2681.6655
2022-08-23 13:00:00,2795.201
2022-08-23 14:00:00,2894.0908
2022-08-23 15:00:00,2893.4944
2022-08-23 16:00:00,2883.1064
2022-08-23 17:00:00,2809.7607
2022-08-23 18:00:00,2676.1343
2022-08-23 19:00:00,2609.8564
2022-08-23 20:00:00,2606.7012
2022-08-23 21:00:00,2526.167
2022-08-23 22:00:00,2389.0308
2022-08-23 23:00:00,2246.2915
2022-08-24 00:00:00,2037.07
2022-08-24 01:00:00,1895.1115
2022-08-24 02:00:00,1781.2471
2022-08-24 03:00:00,1716.525
2022-08-24 04:00:00,1677.4373
2022-08-24 05:00:00,1667.3207
2022-08-24 06:00:00,1642.3715
2022-08-24 07:00:00,1741.1927
2022-08-24 08:00:00,2094.9
2022-08-24 09:00:00,2387.7043
2022-08-24 10:00:00,2536.322
2022-08-24 11:00:00,2658.599
2022-08-24 12:00:00,2641.8777
2022-08-24 13:00:00,2754.0674
2022-08-24 14:00:00,2852.5488
2022-08-24 15:00:00,2851.4011
2022-08-24 16:00:00,2841.2373
2022-08-24 17:00:00,2768.1936
2022-08-24 18:00:00,2638.5195
2022-08-24 19:00:00,2571.265
2022-08-24 20:00:00,2568.6157
2022-08-24 21:00:00,2489.659
2022-08-24 22:00:00,2353.6677
2022-08-24 23:00:00,2210.4358
2022-08-25 00:00:00,2052.2712
2022-08-25 01:00:00,1906.1199
2022-08-25 02:00:00,1792.4386
2022-08-25 03:00:00,1728.7283
2022-08-25 04:00:00,1687.3987
2022-08-25 05:00:00,1676.2056
2022-08-25 06:00:00,1651.2725
2022-08-25 07:00:00,1747.1893
2022-08-25 08:00:00,2099.3772
2022-08-25 09:00:00,2394.1816
2022-08-25 10:00:00,2542.4487
2022-08-25 11:00:00,2662.838
2022-08-25 12:00:00,2647.038
2022-08-25 13:00:00,2756.1587
2022-08-25 14:00:00,2854.0493
2022-08-25 15:00:00,2856.3838
2022-08-25 16:00:00,2849.3977
2022-08-25 17:00:00,2776.9128
2022-08-25 18:00:00,2649.059
2022-08-25 19:00:00,2580.2346
2022-08-25 20:00:00,2578.2874
2022-08-25 21:00:00,2499.156
2022-08-25 22:00:00,2363.479
2022-08-25 23:00:00,2220.7102
2022-08-26 00:00:00,2065.5461
2022-08-26 01:00:00,1920.8184
2022-08-26 02:00:00,1803.5719
2022-08-26 03:00:00,1740.1613
2022-08-26 04:00:00,1696.3485
2022-08-26 05:00:00,1686.698
2022-08-26 06:00:00,1660.6494
2022-08-26 07:00:00,1753.0986
2022-08-26 08:00:00,2105.2156
2022-08-26 09:00:00,2400.8691
2022-08-26 10:00:00,2550.4187
2022-08-26 11:00:00,2662.87
2022-08-26 12:00:00,2653.1768
2022-08-26 13:00:00,2724.2534
2022-08-26 14:00:00,2823.1492
2022-08-26 15:00:00,2822.53
2022-08-26 16:00:00,2810.4985
2022-08-26 17:00:00,2750.913
2022-08-26 18:00:00,2624.03
2022-08-26 19:00:00,2553.7896
2022-08-26 20:00:00,2549.4917
2022-08-26 21:00:00,2454.755
2022-08-26 22:00:00,2319.018
2022-08-26 23:00:00,2188.506
2022-08-27 00:00:00,2031.8158
2022-08-27 01:00:00,1900.1611
2022-08-27 02:00:00,1786.1544
2022-08-27 03:00:00,1716.4519
2022-08-27 04:00:00,1664.9183
2022-08-27 05:00:00,1649.3184
2022-08-27 06:00:00,1607.578
2022-08-27 07:00:00,1657.8973
2022-08-27 08:00:00,1896.5784
2022-08-27 09:00:00,2162.8962
2022-08-27 10:00:00,2319.6738
2022-08-27 11:00:00,2445.9297
2022-08-27 12:00:00,2446.2983
2022-08-27 13:00:00,2514.8384
2022-08-27 14:00:00,2568.0747
2022-08-27 15:00:00,2561.3525
2022-08-27 16:00:00,2547.7517
2022-08-27 17:00:00,2525.0962
2022-08-27 18:00:00,2466.5808
2022-08-27 19:00:00,2443.4546
2022-08-27 20:00:00,2440.4404
2022-08-27 21:00:00,2371.7903
2022-08-27 22:00:00,2236.243
2022-08-27 23:00:00,2107.0676
2022-08-28 00:00:00,1994.129
2022-08-28 01:00:00,1864.8108
2022-08-28 02:00:00,1746.4037
2022-08-28 03:00:00,1668.5402
2022-08-28 04:00:00,1613.4944
2022-08-28 05:00:00,1593.3181
2022-08-28 06:00:00,1536.7988
2022-08-28 07:00:00,1541.0619
2022-08-28 08:00:00,1669.7084
2022-08-28 09:00:00,1826.9988
2022-08-28 10:00:00,1969.639
2022-08-28 11:00:00,2135.7078
2022-08-28 12:00:00,2193.9922
2022-08-28 13:00:00,2277.883
2022-08-28 14:00:00,2327.9429
2022-08-28 15:00:00,2337.352
2022-08-28 16:00:00,2340.5452
2022-08-28 17:00:00,2343.351
2022-08-28 18:00:00,2331.1968
2022-08-28 19:00:00,2336.7065
2022-08-28 20:00:00,2353.833
2022-08-28 21:00:00,2304.7349
2022-08-28 22:00:00,2197.2341
2022-08-28 23:00:00,2071.036
2022-08-29 00:00:00,1949.873
2022-08-29 01:00:00,1818.3483
2022-08-29 02:00:00,1702.5099
2022-08-29 03:00:00,1641.0465
2022-08-29 04:00:00,1607.739
2022-08-29 05:00:00,1599.0396
2022-08-29 06:00:00,1583.4563
2022-08-29 07:00:00,1692.8921
2022-08-29 08:00:00,2072.0132
2022-08-29 09:00:00,2372.0225
2022-08-29 10:00:00,2528.4944
2022-08-29 11:00:00,2660.5632
2022-08-29 12:00:00,2652.906
2022-08-29 13:00:00,2764.8767
2022-08-29 14:00:00,2862.7893
2022-08-29 15:00:00,2858.4294
2022-08-29 16:00:00,2846.3901
2022-08-29 17:00:00,2767.5908
2022-08-29 18:00:00,2631.8528
2022-08-29 19:00:00,2564.5151
2022-08-29 20:00:00,2557.8245
2022-08-29 21:00:00,2481.1753
2022-08-29 22:00:00,2340.5784
2022-08-29 23:00:00,2196.842
2022-08-30 00:00:00,1959.3511
2022-08-30 01:00:00,1816.4021
2022-08-30 02:00:00,1703.2977
2022-08-30 03:00:00,1633.4473
2022-08-30 04:00:00,1590.0786
2022-08-30 05:00:00,1575.6027
2022-08-30 06:00:00,1543.448
2022-08-30 07:00:00,1600.9185
2022-08-30 08:00:00,1843.35
2022-08-30 09:00:00,2100.4966
2022-08-30 10:00:00,2259.559
2022-08-30 11:00:00,2407.41
2022-08-30 12:00:00,2406.5796
2022-08-30 13:00:00,2505.7307
2022-08-30 14:00:00,2585.852
2022-08-30 15:00:00,2583.329
2022-08-30 16:00:00,2579.3196
2022-08-30 17:00:00,2528.7283
2022-08-30 18:00:00,2441.9233
2022-08-30 19:00:00,2400.94
2022-08-30 20:00:00,2402.128
2022-08-30 21:00:00,2340.9783
2022-08-30 22:00:00,2194.647
2022-08-30 23:00:00,2066.5405
2022-08-31 00:00:00,2002.7749
2022-08-31 01:00:00,1859.7106
2022-08-31 02:00:00,1744.4491
2022-08-31 03:00:00,1680.3987
2022-08-31 04:00:00,1640.7253
2022-08-31 05:00:00,1631.1207
2022-08-31 06:00:00,1608.9342
2022-08-31 07:00:00,1706.3578
2022-08-31 08:00:00,2061.039
2022-08-31 09:00:00,2350.8079
2022-08-31 10:00:00,2499.5615
2022-08-31 11:00:00,2625.1711
2022-08-31 12:00:00,2609.374
2022-08-31 13:00:00,2723.9688
2022-08-31 14:00:00,2828.9622
2022-08-31 15:00:00,2825.781
2022-08-31 16:00:00,2813.2756
2022-08-31 17:00:00,2736.818
2022-08-31 18:00:00,2603.364
2022-08-31 19:00:00,2535.226
2022-08-31 20:00:00,2532.7136
2022-08-31 21:00:00,2454.8171
2022-08-31 22:00:00,2314.8728
2022-08-31 23:00:00,2175.453
